0 0.411806 0.257813 0.062500 0.057292
0 0.084028 0.422743 0.101389 0.098958
0 0.212500 0.292535 0.072222 0.060764
0 0.675694 0.468750 0.084722 0.097222
0 0.810417 0.539931 0.087500 0.111111
0 0.664583 0.230035 0.070833 0.053819
0 0.693056 0.321181 0.058333 0.062500
0 0.762500 0.301215 0.047222 0.074653
0 0.804167 0.251736 0.033333 0.041667
0 0.818056 0.223090 0.030556 0.022569
0 0.771528 0.215278 0.034722 0.034722
0 0.796528 0.175347 0.026389 0.034722
0 0.838194 0.181424 0.026389 0.043403
0 0.761806 0.070313 0.031944 0.039931
0 0.587500 0.144097 0.038889 0.031250
1 0.974306 0.350694 0.020833 0.069444
