0 0.140972 0.437500 0.115278 0.104167
0 0.368056 0.215278 0.100000 0.079861
0 0.443750 0.225694 0.068056 0.083333
0 0.456944 0.271701 0.061111 0.050347
0 0.554861 0.268229 0.087500 0.053819
0 0.617361 0.410590 0.081944 0.085069
0 0.908333 0.358507 0.080556 0.182292
0 0.822917 0.157986 0.029167 0.038194
0 0.585417 0.171875 0.031944 0.024306
0 0.588194 0.144097 0.029167 0.024306
0 0.650000 0.140625 0.033333 0.027778
1 0.269444 0.398438 0.025000 0.067708
1 0.958333 0.943576 0.041667 0.074653
1 0.977778 0.378472 0.016667 0.062500
