0 0.507639 0.202257 0.070833 0.074653
0 0.587500 0.218750 0.041667 0.041667
0 0.609722 0.146701 0.055556 0.053819
0 0.648611 0.137153 0.022222 0.024306
0 0.702778 0.299479 0.050000 0.053819
0 0.779861 0.373264 0.065278 0.069444
0 0.746528 0.233507 0.062500 0.036458
0 0.790278 0.260417 0.036111 0.034722
0 0.807639 0.242188 0.031944 0.026042
0 0.815972 0.218750 0.031944 0.024306
0 0.859722 0.236111 0.033333 0.038194
0 0.834028 0.186632 0.029167 0.032986
0 0.856250 0.171007 0.023611 0.029514
0 0.767361 0.103299 0.023611 0.019097
0 0.738889 0.091146 0.022222 0.029514
0 0.793056 0.104167 0.027778 0.020833
0 0.818750 0.153646 0.026389 0.022569
1 0.979861 0.396701 0.012500 0.071181
