0 0.088778 0.927951 0.080966 0.088542
0 0.235795 0.856771 0.076705 0.064236
0 0.214489 0.806424 0.068182 0.064236
0 0.546875 0.551215 0.042614 0.071181
0 0.767756 0.734375 0.063920 0.076389
0 0.803977 0.863715 0.065341 0.085069
0 0.399858 0.314236 0.049716 0.072917
0 0.335938 0.209201 0.029830 0.046875
0 0.285511 0.125868 0.031250 0.053819
0 0.236506 0.057292 0.029830 0.027778
1 0.314631 0.414063 0.015625 0.060764
1 0.328835 0.422743 0.015625 0.043403
1 0.931108 0.653646 0.021307 0.043403
1 0.955966 0.688368 0.025568 0.036458
1 0.878551 0.747396 0.024148 0.036458
