0 0.212500 0.291667 0.069444 0.055556
0 0.347222 0.287326 0.066667 0.060764
0 0.412500 0.203125 0.152778 0.093750
0 0.581250 0.246528 0.087500 0.059028
0 0.588889 0.143229 0.036111 0.032986
0 0.626389 0.156250 0.038889 0.065972
0 0.695833 0.131076 0.019444 0.032986
0 0.902778 0.359375 0.075000 0.180556
0 0.867361 0.125868 0.018056 0.026042
0 0.809028 0.066840 0.015278 0.019097
0 0.661806 0.118924 0.020833 0.022569
1 0.161806 0.467014 0.026389 0.069444
1 0.381944 0.334201 0.013889 0.057292
1 0.638889 0.373264 0.019444 0.072917
1 0.656944 0.372396 0.016667 0.071181
1 0.965278 0.312500 0.019444 0.052083
