0 0.212500 0.821181 0.202778 0.291667
0 0.545833 0.513021 0.108333 0.147569
0 0.420833 0.330729 0.077778 0.105903
0 0.588889 0.187500 0.041667 0.062500
0 0.659722 0.184896 0.044444 0.053819
0 0.695833 0.084201 0.030556 0.046875
0 0.716667 0.138889 0.038889 0.052083
0 0.714583 0.043403 0.026389 0.024306
0 0.690278 0.015625 0.033333 0.027778
1 0.247222 0.457465 0.036111 0.092014
1 0.738889 0.394965 0.022222 0.085069
1 0.763194 0.352431 0.012500 0.065972
1 0.781944 0.381944 0.027778 0.079861
1 0.803472 0.383681 0.020833 0.048611
