0 0.133333 0.354167 0.100000 0.097222
0 0.400000 0.205729 0.152778 0.105903
0 0.488889 0.551215 0.133333 0.157986
0 0.708333 0.433160 0.075000 0.074653
0 0.622222 0.274306 0.069444 0.069444
0 0.586111 0.143229 0.036111 0.032986
0 0.644444 0.171875 0.041667 0.034722
0 0.714583 0.342014 0.070833 0.086806
0 0.730556 0.275174 0.044444 0.050347
0 0.775694 0.307292 0.043056 0.048611
0 0.809722 0.184896 0.030556 0.043403
0 0.843056 0.175347 0.022222 0.031250
0 0.854167 0.154514 0.030556 0.031250
0 0.759722 0.072917 0.033333 0.041667
1 0.963889 0.293403 0.013889 0.041667
1 0.975694 0.290799 0.012500 0.053819
1 0.973611 0.358507 0.016667 0.067708
1 0.053472 0.315972 0.018056 0.055556
