0 0.024858 0.105903 0.046875 0.052083
0 0.104403 0.131944 0.103693 0.069444
0 0.252841 0.072917 0.039773 0.031250
0 0.381392 0.213542 0.035511 0.041667
0 0.446023 0.312500 0.042614 0.041667
0 0.500000 0.398438 0.039773 0.043403
0 0.469460 0.406250 0.029830 0.041667
0 0.436080 0.422743 0.048295 0.050347
0 0.538352 0.540799 0.045455 0.053819
0 0.544744 0.679688 0.066761 0.064236
0 0.296165 0.812500 0.083807 0.069444
1 0.867898 0.721354 0.022727 0.039931
1 0.887074 0.743056 0.021307 0.034722
0 0.067472 0.936632 0.083807 0.081597
