0 0.079861 0.471354 0.115278 0.116319
0 0.169444 0.375000 0.088889 0.079861
0 0.209722 0.291667 0.077778 0.062500
0 0.260417 0.370660 0.101389 0.074653
0 0.490972 0.223090 0.048611 0.050347
0 0.583333 0.142361 0.041667 0.031250
0 0.647222 0.146701 0.038889 0.039931
0 0.707639 0.132813 0.031944 0.036458
0 0.750000 0.099826 0.022222 0.022569
0 0.759028 0.069444 0.034722 0.034722
0 0.785417 0.081597 0.020833 0.020833
0 0.800694 0.182292 0.026389 0.020833
0 0.820833 0.215278 0.025000 0.034722
0 0.840972 0.184896 0.031944 0.032986
0 0.825000 0.157118 0.025000 0.026042
0 0.840972 0.134549 0.023611 0.022569
1 0.147222 0.480903 0.019444 0.072917
