0 0.106944 0.402778 0.102778 0.086806
0 0.157639 0.310764 0.259722 0.159722
0 0.306944 0.304688 0.061111 0.057292
0 0.410417 0.254340 0.059722 0.043403
0 0.326389 0.400174 0.230556 0.196181
0 0.111111 0.545139 0.219444 0.274306
0 0.618056 0.211806 0.088889 0.104167
0 0.586111 0.144965 0.041667 0.039931
0 0.689583 0.282118 0.048611 0.057292
0 0.765972 0.354167 0.054167 0.062500
0 0.818750 0.223090 0.034722 0.043403
0 0.861111 0.140625 0.027778 0.031250
0 0.837500 0.136285 0.025000 0.029514
1 0.963194 0.916667 0.048611 0.142361
