0 0.225694 0.342882 0.104167 0.112847
0 0.599306 0.191840 0.031944 0.050347
0 0.588194 0.145833 0.045833 0.031250
0 0.695139 0.144097 0.026389 0.024306
0 0.652778 0.144965 0.027778 0.019097
0 0.661806 0.163194 0.026389 0.024306
0 0.613194 0.407986 0.115278 0.135417
0 0.611806 0.625000 0.115278 0.131944
0 0.703472 0.439236 0.084722 0.090278
0 0.736806 0.360243 0.062500 0.060764
0 0.761806 0.308160 0.051389 0.043403
0 0.782639 0.272569 0.045833 0.045139
0 0.806944 0.249132 0.036111 0.029514
0 0.757639 0.236111 0.037500 0.034722
0 0.821528 0.210069 0.029167 0.020833
0 0.808333 0.180556 0.033333 0.031250
0 0.836806 0.187500 0.023611 0.027778
