0 0.136111 0.411458 0.113889 0.107639
0 0.215972 0.289931 0.073611 0.062500
0 0.585417 0.141493 0.043056 0.036458
0 0.621528 0.214410 0.073611 0.067708
0 0.589583 0.456597 0.084722 0.083333
0 0.640278 0.578125 0.105556 0.114583
0 0.455556 0.894097 0.205556 0.204861
0 0.767361 0.305556 0.051389 0.065972
0 0.802778 0.232639 0.036111 0.038194
0 0.829861 0.209201 0.026389 0.046875
0 0.797917 0.184896 0.029167 0.060764
0 0.829861 0.150174 0.026389 0.019097
0 0.858333 0.145833 0.025000 0.031250
0 0.743750 0.089410 0.048611 0.036458
1 0.972222 0.378472 0.025000 0.062500
1 0.388194 0.351563 0.020833 0.064236
1 0.365278 0.359375 0.025000 0.052083
1 0.402083 0.322917 0.026389 0.048611
1 0.143750 0.493924 0.026389 0.071181
