0 0.584028 0.144965 0.040278 0.022569
0 0.628472 0.272569 0.087500 0.055556
0 0.639583 0.380208 0.079167 0.065972
0 0.675000 0.455729 0.108333 0.095486
0 0.754167 0.354167 0.066667 0.079861
0 0.700694 0.302951 0.051389 0.064236
0 0.810417 0.230035 0.029167 0.046875
0 0.842361 0.207465 0.031944 0.036458
0 0.838194 0.178819 0.018056 0.027778
0 0.854861 0.153646 0.029167 0.036458
0 0.758333 0.069444 0.033333 0.041667
0 0.647917 0.124132 0.020833 0.026042
1 0.954167 0.302083 0.019444 0.034722
1 0.976389 0.319444 0.013889 0.038194
1 0.330556 0.217014 0.016667 0.041667
