0 0.047917 0.438368 0.090278 0.109375
0 0.210417 0.295139 0.073611 0.055556
0 0.403472 0.268229 0.062500 0.060764
0 0.368750 0.723090 0.159722 0.175347
0 0.554167 0.479167 0.100000 0.107639
0 0.700000 0.394965 0.061111 0.085069
0 0.623611 0.221354 0.066667 0.057292
0 0.588194 0.142361 0.045833 0.034722
0 0.705556 0.105035 0.019444 0.026042
0 0.735417 0.105903 0.023611 0.024306
0 0.797917 0.226563 0.045833 0.046875
0 0.836806 0.183160 0.029167 0.029514
0 0.819444 0.151910 0.038889 0.053819
1 0.978472 0.333333 0.015278 0.065972
