0 0.585417 0.143229 0.040278 0.032986
0 0.647917 0.120660 0.020833 0.029514
0 0.756944 0.070313 0.030556 0.032986
0 0.637500 0.381076 0.069444 0.060764
0 0.669444 0.449653 0.100000 0.097222
0 0.627778 0.276042 0.086111 0.052083
0 0.699306 0.302083 0.048611 0.055556
0 0.749306 0.355903 0.070833 0.072917
0 0.818056 0.224826 0.033333 0.036458
0 0.843750 0.203125 0.029167 0.031250
0 0.840278 0.182292 0.022222 0.031250
0 0.856250 0.156250 0.020833 0.024306
1 0.331944 0.222222 0.016667 0.045139
1 0.950694 0.304688 0.018056 0.036458
1 0.974306 0.321181 0.015278 0.045139
