0 0.622222 0.580729 0.127778 0.126736
0 0.691667 0.319444 0.066667 0.079861
0 0.527083 0.166667 0.095833 0.069444
0 0.591667 0.141493 0.030556 0.029514
0 0.661111 0.119792 0.025000 0.024306
0 0.786806 0.193576 0.034722 0.032986
0 0.768750 0.088542 0.020833 0.020833
0 0.807639 0.167535 0.034722 0.022569
0 0.813194 0.235243 0.037500 0.029514
0 0.831944 0.197917 0.030556 0.027778
0 0.851389 0.171875 0.027778 0.027778
1 0.956944 0.294271 0.013889 0.043403
1 0.977778 0.326389 0.016667 0.034722
1 0.017361 0.554688 0.018056 0.085069
