0 0.098722 0.127604 0.058239 0.046875
0 0.236506 0.058160 0.026989 0.032986
0 0.276278 0.075521 0.029830 0.029514
0 0.306818 0.107639 0.034091 0.038194
0 0.325994 0.197917 0.038352 0.041667
0 0.362216 0.245660 0.039773 0.036458
0 0.374290 0.292535 0.035511 0.039931
0 0.410511 0.322917 0.036932 0.034722
0 0.389915 0.359375 0.032670 0.052083
0 0.447443 0.398438 0.045455 0.078125
1 0.877131 0.739583 0.012784 0.031250
1 0.888494 0.756076 0.024148 0.019097
1 0.928977 0.707465 0.025568 0.032986
1 0.963068 0.697049 0.022727 0.032986
1 0.654119 0.867188 0.018466 0.039931
1 0.675426 0.877604 0.021307 0.029514
1 0.661222 0.919271 0.012784 0.026042
1 0.642756 0.920139 0.015625 0.027778
1 0.624290 0.906250 0.015625 0.027778
1 0.541903 0.876736 0.021307 0.034722
1 0.528409 0.957465 0.025568 0.032986
1 0.497159 0.968750 0.017045 0.038194
