0 0.029167 0.459201 0.047222 0.085069
0 0.309722 0.313368 0.077778 0.074653
0 0.545833 0.196181 0.041667 0.045139
0 0.595833 0.613715 0.113889 0.140625
0 0.748611 0.364583 0.069444 0.079861
0 0.709028 0.303819 0.054167 0.065972
0 0.796528 0.262153 0.048611 0.059028
0 0.790278 0.196181 0.027778 0.031250
0 0.832639 0.184896 0.023611 0.039931
0 0.857639 0.144097 0.012500 0.027778
0 0.840278 0.136285 0.022222 0.036458
0 0.589583 0.144097 0.031944 0.027778
0 0.665972 0.117188 0.029167 0.026042
0 0.880556 0.124132 0.022222 0.022569
